cconshfei
123
hsicii
ooo

123
123456
123
123456
123
123456
123
123456
123
123456
123
123456
123
123456
123
123456
123
123456
123
123456
123
123456
123
123456
123
123456
123
123456
123
123456
123
123456
123
123456
123
123456
123
123456
123
123456
123
123456
123
123456
123
123456
123
123456
123
123456
123
123456
123
123456
123
123456
123
123456
123
123456
123
123456
123
123456
123
123456
123
123456
123
123456
123
123456
123
123456
123
123456
123
123456
123
123456
123
123456
123
123456
123
123456
123
123456
123
123456
123
123456
123
123456
123
123456
123
123456
123
123456
123
123456
123
123456
123
123456
123
123456
123
123456
123
123456
123
123456
123
123456
123
123456
123
123456
123
123456
123
123456
123
123456
123
123456
123
123456
123
123456
123
123456
123
123456
123
123456
123
123456
123
123456
123
123456
123
123456
123
123456
123
123456
123
123456
123
123456
123
123456
123
123456
123
123456
123
123456
123
123456
123
123456
123
123456
123
123456
123
123456
123
123456
123
123456
123
123456
123
123456
123
123456
123
123456
123
123456
123
123456
123
123456
123
123456
123
123456
123
123456
123
123456
123
123456
123
123456
123
123456
123
123456
123
123456
123
123456
123
123456
123
123456
123
123456
123
123456
123
123456
123
123456
123
123456
123
123456
123
123456
123
123456
123
123456
123
123456
123
123456
123
123456
123
123456
123
123456
123
123456
123
123456
